9 0.1265625 0.121875 0.2203125 0.17578125
9 0.365625 0.1109375 0.209375 0.1703125
9 0.61640625 0.1109375 0.1859375 0.2171875
9 0.8578125 0.15859375 0.284375 0.1515625
9 0.87578125 0.325 0.2484375 0.140625
9 0.6078125 0.32890625 0.29296875 0.146875
9 0.40078125 0.321875 0.234375 0.13515625
9 0.1453125 0.325 0.290625 0.13671875
9 0.12421875 0.509375 0.2484375 0.14453125
9 0.3890625 0.49296875 0.203125 0.20703125
9 0.6265625 0.5171875 0.20859375 0.16796875
9 0.13515625 0.6859375 0.23984375 0.15
9 0.3921875 0.6921875 0.20859375 0.13671875
9 0.6109375 0.70859375 0.21328125 0.13828125
9 0.871875 0.72265625 0.25625 0.1375
9 0.12890625 0.89453125 0.2578125 0.16640625
9 0.38828125 0.8734375 0.23203125 0.16953125
9 0.63046875 0.8859375 0.2109375 0.178125
9 0.88515625 0.8953125 0.2296875 0.1578125