9 0.26015625 0.90078125 0.409375 0.1984375
9 0.29609375 0.76640625 0.32890625 0.203125
9 0.35234375 0.62265625 0.28515625 0.13359375
9 0.409375 0.56328125 0.175 0.11328125
9 0.47421875 0.49140625 0.2390625 0.13359375
9 0.484375 0.4015625 0.17734375 0.0578125
9 0.5453125 0.36484375 0.21640625 0.04453125
9 0.53984375 0.31328125 0.16328125 0.0578125
9 0.76875 0.3484375 0.184375 0.075
9 0.725 0.39609375 0.175 0.0328125
9 0.7453125 0.4375 0.19296875 0.02890625
9 0.8046875 0.4984375 0.23671875 0.06171875
9 0.81953125 0.57734375 0.28046875 0.08515625
9 0.83828125 0.6578125 0.3234375 0.10625
9 0.83125 0.8046875 0.3375 0.16796875
9 0.9578125 0.43046875 0.084375 0.10625
9 0.08046875 0.6015625 0.1609375 0.1640625
9 0.096875 0.48515625 0.19296875 0.10390625
9 0.16015625 0.4171875 0.2234375 0.12109375
9 0.27734375 0.3546875 0.25546875 0.10234375
9 0.34140625 0.2921875 0.1125 0.034375
9 0.13828125 0.25078125 0.13828125 0.06796875
9 0.19453125 0.1984375 0.1171875 0.06015625
9 0.31640625 0.1875 0.07109375 0.04765625
9 0.41171875 0.19921875 0.078125 0.04765625
9 0.446875 0.1375 0.04609375 0.0390625
9 0.77421875 0.15703125 0.025 0.01171875
9 0.69140625 0.1515625 0.07109375 0.02734375
9 0.678125 0.18515625 0.0625 0.02734375
9 0.64296875 0.21015625 0.08984375 0.03203125
9 0.628125 0.2515625 0.096875 0.0375
9 0.54453125 0.18671875 0.06640625 0.03203125
9 0.5890625 0.14296875 0.06875 0.03046875
9 0.965625 0.13984375 0.06875 0.0640625
9 0.834375 0.11640625 0.08046875 0.04296875
9 0.92421875 0.3125 0.1515625 0.05625
9 0.83515625 0.27890625 0.184375 0.0546875
9 0.7609375 0.2390625 0.08046875 0.034375
9 0.79609375 0.2109375 0.11484375 0.03046875
9 0.778125 0.1890625 0.078125 0.01875
9 0.78828125 0.16015625 0.07578125 0.0328125
9 0.75234375 0.134375 0.05546875 0.01328125
9 0.43515625 0.10546875 0.06875 0.03046875