9 0.34296875 0.959375 0.1125 0.08046875
9 0.20390625 0.9015625 0.1234375 0.196875
9 0.16484375 0.775 0.10234375 0.11484375
9 0.10703125 0.7078125 0.07421875 0.07265625
9 0.41015625 0.88984375 0.1171875 0.1203125
9 0.465625 0.9265625 0.1140625 0.13984375
9 0.675 0.92890625 0.12890625 0.1421875
9 0.60390625 0.9328125 0.0640625 0.134375
9 0.56953125 0.846875 0.07109375 0.1109375
9 0.50703125 0.809375 0.0828125 0.08515625
9 0.64921875 0.8 0.06875 0.084375
9 0.57578125 0.73671875 0.08828125 0.10390625
9 0.69296875 0.696875 0.0765625 0.1109375
9 0.83046875 0.7953125 0.14375 0.18671875
9 0.29765625 0.72421875 0.11875 0.0640625
9 0.0828125 0.9453125 0.16484375 0.10859375
9 0.0421875 0.87734375 0.08359375 0.11484375
9 0.02890625 0.81953125 0.0578125 0.109375
9 0.07890625 0.659375 0.0671875 0.04609375
9 0.1578125 0.43671875 0.0703125 0.08828125
9 0.27890625 0.60546875 0.10703125 0.1484375
9 0.38671875 0.5671875 0.096875 0.0640625