9 0.33359375 0.8734375 0.10859375 0.253125
9 0.1453125 0.70546875 0.20546875 0.26875
9 0.33046875 0.5859375 0.153125 0.10390625
9 0.4109375 0.7125 0.12578125 0.1171875
9 0.49296875 0.57265625 0.121875 0.16484375
9 0.43046875 0.459375 0.09296875 0.11796875
9 0.59140625 0.85234375 0.121875 0.2109375
9 0.62890625 0.665625 0.1375 0.1734375
9 0.85546875 0.8875 0.22109375 0.225
9 0.85546875 0.72734375 0.14375 0.1015625
9 0.8234375 0.56796875 0.153125 0.196875
9 0.8171875 0.421875 0.0734375 0.06875
9 0.94453125 0.32734375 0.1109375 0.06875
9 0.8921875 0.25390625 0.0640625 0.09296875
9 0.58359375 0.4265625 0.07265625 0.11796875
9 0.5140625 0.378125 0.05859375 0.09140625
9 0.63046875 0.32890625 0.053125 0.08046875