9 0.7953125 0.94921875 0.2234375 0.1015625
9 0.36328125 0.953125 0.2765625 0.09375
9 0.35625 0.8703125 0.19609375 0.08984375
9 0.30078125 0.73984375 0.24765625 0.18203125
9 0.33359375 0.60703125 0.18359375 0.19765625
9 0.22109375 0.55234375 0.184375 0.18515625
9 0.1296875 0.53984375 0.16875 0.20625
9 0.059375 0.42421875 0.11875 0.12578125
9 0.5375 0.5796875 0.16484375 0.1359375
9 0.69375 0.740625 0.19609375 0.37421875
9 0.696875 0.77734375 0.334375 0.08984375
9 0.496875 0.509375 0.171875 0.11328125
9 0.415625 0.5109375 0.1734375 0.09375
9 0.3765625 0.365625 0.20234375 0.06171875
9 0.03125 0.23125 0.0625 0.16796875
9 0.2171875 0.2234375 0.14140625 0.10546875
9 0.4328125 0.13046875 0.15546875 0.14609375
9 0.57734375 0.20078125 0.14296875 0.19453125
9 0.71796875 0.22265625 0.14375 0.19921875
9 0.82734375 0.175 0.121875 0.165625
9 0.96875 0.10546875 0.06171875 0.19765625
9 0.6828125 0.0515625 0.21875 0.103125
9 0.44296875 0.30078125 0.15390625 0.125
9 0.22109375 0.36640625 0.0828125 0.121875