9 0.109375 0.115625 0.184375 0.16328125
9 0.31875 0.10390625 0.24140625 0.2078125
9 0.56953125 0.1046875 0.23125 0.18359375
9 0.81953125 0.09921875 0.3109375 0.1984375
9 0.89453125 0.290625 0.2109375 0.10703125
9 0.62265625 0.2921875 0.3046875 0.1609375
9 0.36484375 0.28359375 0.27109375 0.1921875
9 0.14140625 0.28203125 0.19921875 0.14921875
9 0.15546875 0.45078125 0.27421875 0.16796875
9 0.38671875 0.46875 0.184375 0.18046875
9 0.59296875 0.46640625 0.19296875 0.15390625
9 0.86171875 0.48515625 0.2765625 0.190625
9 0.1609375 0.63515625 0.3 0.1546875
9 0.4140625 0.6578125 0.19140625 0.18671875
9 0.64375 0.6546875 0.24375 0.16640625
9 0.87890625 0.67109375 0.2203125 0.16796875
9 0.84765625 0.8515625 0.26328125 0.14921875
9 0.59765625 0.853125 0.22265625 0.18671875
9 0.3609375 0.84609375 0.26953125 0.22734375
9 0.13046875 0.82109375 0.19140625 0.1765625