9 0.5125 0.81796875 0.18203125 0.17421875
9 0.36484375 0.928125 0.1578125 0.14375
9 0.55625 0.9625 0.1703125 0.075
9 0.66875 0.93671875 0.07265625 0.1265625
9 0.66640625 0.796875 0.078125 0.1390625
9 0.70703125 0.69140625 0.140625 0.17890625
9 0.809375 0.7875 0.1203125 0.13984375
9 0.896875 0.7875 0.0515625 0.12578125
9 0.80390625 0.8921875 0.10546875 0.096875
9 0.95234375 0.66171875 0.0953125 0.1140625
9 0.9265625 0.58671875 0.146875 0.12734375
9 0.9171875 0.48125 0.165625 0.2015625
9 0.7265625 0.55546875 0.171875 0.17265625
9 0.56640625 0.61015625 0.11875 0.11171875
9 0.52734375 0.69609375 0.10078125 0.07734375
9 0.3390625 0.75 0.11328125 0.18125
9 0.34296875 0.6390625 0.18203125 0.12890625
9 0.45703125 0.55859375 0.08828125 0.09453125
9 0.428125 0.4578125 0.05546875 0.08984375
9 0.31015625 0.48515625 0.1546875 0.15
9 0.15859375 0.6359375 0.2 0.1375
9 0.1796875 0.784375 0.171875 0.11875
9 0.090625 0.20546875 0.10078125 0.12265625
9 0.196875 0.12421875 0.10234375 0.14296875
9 0.40390625 0.228125 0.0625 0.1328125
9 0.50703125 0.25546875 0.14140625 0.19296875
9 0.596875 0.25546875 0.10546875 0.06875
9 0.65078125 0.35625 0.0984375 0.08828125
9 0.84765625 0.28125 0.1125 0.1203125